0
0.009277344
0.01708984
0.02587891
0.03808594
0.04931641
0.06201172
0.07470703
0.08105469
0.08935547
0.09765625
0.1074219
0.1181641
0.1254883
0.1352539
0.1425781
0.1513672
0.1625977
0.1708984
0.1816406
0.1923828
0.2036133
0.2148438
0.2255859
0.2358398
0.2470703
0.2578125
0.2646484
0.2719727
0.28125
0.2915039
0.3007813
0.3105469
0.3256836
0.3383789
0.3505859
0.3623047
0.375
0.3867188
0.3979492
0.4101563
0.4228516
0.4306641
0.4414063
0.4536133
0.4648438
0.4790039
0.4916992
0.5043945
0.5161133
0.5288086
0.5410156
0.5532227
0.5634766
0.5756836
0.5874023
0.6020508
0.6132813
0.6240234
0.6352539
0.6430664
0.6518555
0.659668
0.6704102
0.6796875
0.6875
0.6987305
0.7094727
0.7202148
0.730957
0.7421875
0.75
0.7612305
0.7724609
0.7797852
0.7871094
0.7978516
0.8056641
0.8208008
0.8320313
0.8427734
0.8540039
0.8652344
0.8745117
0.8852539
0.8935547
0.9047852
0.9150391
0.9291992
0.9399414
0.9501953
0.9604492
0.9692383
0.9765625
0.9853516
0.9960938
