0
0.00341796875
0.010009765625
0.017822265625
0.027587890625
0.038818359375
0.052490234375
0.06494140625
0.07080078125
0.07861328125
0.08642578125
0.09423828125
0.103759765625
0.1103515625
0.117919921875
0.12451171875
0.133544921875
0.14453125
0.15234375
0.163330078125
0.17431640625
0.185546875
0.196533203125
0.207275390625
0.218017578125
0.22900390625
0.23974609375
0.246337890625
0.2529296875
0.262451171875
0.271728515625
0.28125
0.292236328125
0.30419921875
0.31640625
0.328125
0.340087890625
0.351806640625
0.362548828125
0.372802734375
0.385498046875
0.397705078125
0.404296875
0.41455078125
0.426513671875
0.436767578125
0.450439453125
0.462646484375
0.474853515625
0.486083984375
0.49853515625
0.510009765625
0.521240234375
0.532470703125
0.5439453125
0.5556640625
0.5703125
0.58203125
0.59375
0.60498046875
0.6123046875
0.621337890625
0.628662109375
0.637451171875
0.647216796875
0.65478515625
0.6650390625
0.67578125
0.68603515625
0.69677734375
0.70751953125
0.7158203125
0.726806640625
0.737060546875
0.743408203125
0.7490234375
0.759765625
0.76611328125
0.780029296875
0.790283203125
0.801025390625
0.811767578125
0.822509765625
0.830810546875
0.841064453125
0.849365234375
0.859619140625
0.869873046875
0.883544921875
0.894287109375
0.904541015625
0.914306640625
0.923095703125
0.929443359375
0.938232421875
